1 14 13164 13150 12538 11978 11971 11973 11977 12704 12701 12711 12705 11921 11919 11920 
1 19 2711 2710 1871 1878 1870 1879 1868 1862 1877 1873 1867 1107 1108 1104 1112 1109 2791 2794 2790 
1 10 1104 1111 1368 1370 1364 1369 1366 2709 2707 2711 
2 28 14673 14677 14693 14674 14803 14792 14789 14790 14796 14780 14786 14784 14791 14787 14799 14094 14108 14093 14106 14819 14825 14821 14823 19309 19308 14937 14936 13848 
3 7 13848 13852 19307 14979 14022 14832 14829 
2 17 14022 19305 19304 14361 14351 13534 13551 13513 13553 13518 13997 13998 15118 15128 15127 15135 19303 
1 10 14829 14831 14830 13535 13522 13514 13990 15130 15124 15119 
1 4 13997 14001 13989 13990 
1 12 15135 15126 15111 14565 14626 14568 14600 14633 14584 14580 14619 14639 
1 5 14633 14618 14591 14622 14603 
2 3 19305 19306 14979 
1 7 19306 14367 14349 14370 14341 14159 14171 
1 11 14370 14325 14346 14331 14170 14172 14467 14449 14453 14434 14438 
1 3 14673 15153 15144 
1 8 13848 13850 13851 14102 14096 14416 14411 14405 
1 4 14793 14774 14802 14777 
