
state={
	id=377
	name="STATE_377"
	manpower = 4682138
	
	state_category = pastoral
	#impassable = yes
	resources={
		aluminium=9
		chromium=0
		oil=0
		rubber=0
		steel=5
		tungsten=0
		coal=0
	}

	history={
		
		
		buildings = {
			infrastructure = 1
			
			arms_factory = 1
			industrial_complex = 0
			
			
		}
		
	}

	provinces={
		5840 5841 5842 5843 5844 5845 5846 5847 5848 5849 5850 5851 5852 5853 5854 5855 5856 5857 5858 5859 5860 5861 5862 5863 5864 5865 5866 5867 5868 5869 5870 5871 5872 5873 5874 5875 5876 5877 5878 5879 5880 5881 5882 5883 5884 5885 5886 5887 5888 5889 5890 5891 5892 5893 5894 5895 5896 5897 5898 5899 5900 5901 5902 5903 5904 5905 5906 5907 5908 5909 5910 5911 5912 5913 5914 5915 5916 5917 5918 5919 5920 5921 5922 5923 5924 5925 5926 5927 5928 5929 5930 5931 5932 5933 
	}
	local_supplies=0.0 
}
