
state={
	id=556
	name="STATE_556"
	manpower = 5602401
	
	state_category = rural
	#impassable = yes
	resources={
		aluminium=1
		chromium=0
		oil=1
		rubber=0
		steel=0
		tungsten=0
		coal=0
	}

	history={
		
		
		buildings = {
			infrastructure = 1
			
			arms_factory = 0
			industrial_complex = 1
			
			
		}
		
	}

	provinces={
		8265 8266 8267 8268 8269 8270 8271 8272 8273 8274 8275 8276 8277 8278 8279 8280 8281 8282 8283 8284 8285 8286 8287 8288 8289 8290 8291 8292 8293 8294 8295 8296 8297 8298 8299 8300 8301 8302 8303 8304 8305 8306 8307 8308 8309 8310 8311 8312 8313 8314 8315 8316 8317 8318 8319 8320 8321 8322 8323 8324 8325 8326 8327 8328 8329 8330 8331 8332 8333 8334 8335 8336 8337 8338 8339 8340 8341 8342 8343 8344 8345 
	}
	local_supplies=0.0 
}
